100
5672569099
0 0 1 1 0 1 0 0 0 1 1 0 1 1 1 0 1 1 0 0 0 1 0 1 0 0 1 1 1 1 1 1 0 0 1 1 0 0 1 0 1 0 0 1 1 1 1 0 0 0 0 0 0 1 1 1 0 0 0 1 1 0 1 1 1 0 0 1 0 1 1 1 1 1 1 0 1 1 0 0 0 0 0 1 1 1 1 0 1 1 0 1 1 0 0 0 0 0 0 0
30 28 795159
30 39 321981
30 73 120218
30 33 580205
30 11 876019
30 83 750418
30 53 295353
30 82 982793
30 50 868457
30 99 675380
30 9 749199
30 52 925110
30 55 279222
30 77 217196
30 49 232282
30 40 853113
30 17 89741
27 18 224476
27 81 169925
27 69 148441
27 20 626591
27 68 785870
27 57 85878
27 78 161676
27 38 786353
27 44 443905
27 41 221748
27 51 128646
27 24 504512
27 83 139712
27 34 704709
27 29 888815
27 5 710696
27 74 17117
27 26 288825
27 97 359469
27 2 107453
27 87 960035
69 79 459613
69 6 737912
69 93 315958
69 70 15590
69 91 22542
69 71 55810
69 64 671175
69 85 6754
69 98 45600
20 8 916887
20 22 837742
20 1 537666
20 66 263463
20 37 123096
20 36 628399
20 45 281674
20 19 547400
20 25 585575
79 32 583656
79 12 362621
79 10 316509
79 21 831871
79 31 114732
79 46 747687
79 56 466729
79 58 733595
79 100 937091
8 14 242040
8 92 354294
8 59 883368
8 43 972845
8 3 986621
8 76 952887
8 16 706497
8 35 521274
8 94 859187
6 61 793865
6 88 739449
6 84 885665
54 78 640341
54 90 646539
52 80 485626
52 42 890968
52 95 733265
52 48 903933
52 15 923332
52 86 554300
52 96 855803
44 75 791739
82 23 531726
90 7 237686
90 89 13513
41 63 402227
41 62 282496
60 80 937219
60 13 483481
60 47 702872
89 4 34769
83 72 53697
65 78 189438
67 80 838335